20
693840425 90561
2 6 7 999957328
164 96
76 2 193 164
1000000000 100000
999999999 1 999999999 1000000000
254 99
1 8 9 74990
45068754 29153
2 9 5 999904402
640834505 28785
3 9 1 999946125
249718282 93729
1 5 6 999917908
1000000000 100000
1 1 1 1000000000
73 26
5 8 4 54214
59 26
14 19 681 59
1000000000 1
12 7 74 12
66 39
35 2 589 66
1000000000 100000
99999 1 99999 100000
28 21
6 5 1 85919
714311129 39521
9 5 9 999998192
177 73
7 7 5 56401
110 53
7 7 1 64417
218492221 46085
3 7 1 999969453
78 51
3 5 5 51230
137 49
48 17 461 137
