20
1 968
2 945 782
91 429 383 71 482 900 242 395 308 781 680 257 106 42 198 230 928 666 115 121 696 289 250 803 925 717 5 6 640 837 785 523 857 421 154 622 726 285 194 382 664 782 526 766 44 973 55 792 800 398 508 763 753 66 433 295 806 726 260 174 700 12 924 236 885 318 952 13 278 921 811 92 156 960 203 144 226 191 855 853 428 33 760 528 283 37 144 223 469 750 269 263
2 743 398
25 433 827 480 303 296 112 567 266 353 221 473 105 536 176 497 873 819 208 726 156 71 134 672 663 617
83 941 338 88 559 562 708 893 879 297 77 227 14 162 368 901 98 331 108 692 166 528 786 195 862 749 851 709 923 965 5 381 450 380 594 319 589 708 403 516 844 274 607 429 364 141 309 574 682 704 965 284 118 399 68 192 254 167 127 449 13 772 562 82 443 875 876 739 55 961 517 234 565 901 40 422 595 372 754 634 465 830 279 118
61 590 835 70 774 898 227 516 668 219 853 647 529 412 658 3 0 922 943 559 325 21 521 193 884 519 766 903 482 480 926 285 559 635 571 495 126 837 853 854 663 306 329 194 64 214 608 488 316 841 548 519 194 386 907 980 569 198 788 142 19 263
37 100 4 238 270 27 492 928 28 578 480 340 61 415 72 48 640 582 291 197 569 248 20 959 616 202 792 35 365 90 290 888 275 780 657 56 22 970
57 334 357 62 736 67 995 267 883 961 154 662 575 852 73 668 915 89 447 774 90 401 753 997 415 3 843 51 340 916 316 856 762 156 351 647 694 626 748 787 573 560 789 862 903 130 980 97 375 188 320 259 512 719 90 32 345 477
21 201 260 506 418 790 810 314 622 128 316 429 966 217 930 503 128 316 696 81 862 930
45 614 745 103 927 223 158 513 809 251 646 588 344 653 997 345 341 252 928 699 266 499 594 976 758 583 458 308 50 736 366 0 743 551 451 889 853 683 272 121 24 290 491 521 705 550
77 764 864 874 756 32 532 119 294 972 194 329 772 540 524 319 576 50 480 323 516 883 211 759 504 684 727 926 865 591 658 247 516 256 725 136 578 680 967 303 500 785 903 584 512 254 616 488 79 148 608 419 914 797 655 11 449 909 539 223 627 614 304 490 240 404 320 49 655 720 835 676 347 696 14 661 897 669
49 846 312 78 812 729 460 766 453 477 551 632 483 972 243 339 85 754 439 344 560 641 289 389 352 35 689 754 624 44 536 714 355 114 791 344 558 49 957 921 754 52 870 526 224 298 235 879 258 494
51 791 219 317 730 753 333 288 393 577 528 487 586 275 841 928 862 533 556 68 917 144 168 412 116 648 583 91 109 110 714 134 677 675 320 72 864 711 708 334 368 779 195 366 557 437 810 139 685 10 818 427
23 999 876 259 462 934 705 543 897 770 641 589 909 354 747 579 267 705 83 572 270 807 791 41
93 886 244 326 476 586 581 415 819 396 54 82 117 465 966 490 874 110 225 416 523 31 666 217 626 362 745 46 408 30 183 801 772 940 122 47 896 370 153 930 459 0 932 269 698 280 884 834 110 220 7 932 369 1 934 217 731 589 516 86 369 570 778 442 982 180 317 519 121 262 758 504 896 518 822 599 847 846 706 991 489 897 915 758 114 748 134 156 841 407 35 188 935 259
65 377 331 985 41 239 122 200 791 256 734 937 80 806 346 676 748 406 92 611 644 3 790 155 352 760 752 207 70 618 367 327 100 443 724 701 114 827 683 296 967 353 54 585 454 56 126 635 28 829 262 808 57 356 355 886 89 513 52 744 182 324 994 321 460 719
79 709 770 113 673 56 406 641 234 71 171 184 876 843 122 908 353 829 597 47 872 386 91 782 268 297 620 263 349 657 835 667 838 817 254 864 885 342 718 717 115 512 228 424 845 393 191 747 507 664 650 66 165 398 521 37 925 330 928 860 983 412 519 851 779 710 761 828 722 21 76 946 678 313 796 838 149 143 603 805
41 853 436 501 761 405 895 233 155 193 488 586 482 885 370 848 276 984 368 977 486 645 93 30 825 686 281 857 753 506 817 291 931 415 666 571 635 355 833 105 943 908
2 201 260
