20
543891101326393011 2399842 2681913 3762239 7443017 520101360 433901517 275677792 766417656
5 1 4 5 7 1 0 1 2
95658191 9999991 1 9999991 9999989 259999767 659999403 989998912 909999000
967702028973969107 1 10000000 10000000 10000000 840000001 670000000 40000001 19999998
21226979124954459 1992450 782255 2704224 4505616 370983767 153300418 852618302 706520016
907005781191085944 1 5 9999949 9999991 839995717 809995867 459999587 579999478
1581945094 9999991 1 9999991 9999989 159999857 489999556 549999396 719999209
80933573 102400 15000 9699690 9748872 989369349 872975008 916394050 370457193
918495108443110920 9999991 1 9999991 9999989 849999236 589999466 309999660 169999814
1530944270 123456 557 9988776 1025 559372110 918968142 802729910 688062000
33104500 9999909 9999991 9999949 10000000 329998318 499997447 650000001 490000002
81922551 759324 967048 10000000 9999999 930000001 980000000 29999998 279999972
86974256 123456 557 9988776 1025 729181302 409540566 403985 491394225
567365141997043401 3960606 1985068 4125828 5630794 76825921 901167353 889742167 772908548
905104693315080537 9999909 9999991 9999949 10000000 649996686 729996274 470000001 920000002
1567487689 9 123456 18 10000000 865981936 625209438 350000324 390000765
763526783810179646 741864 167766 7315499 3851100 922855524 89780690 441276473 271986168
36302668 1 10000000 10000000 10000000 910000001 610000000 380000001 579999998
94563103 1 5 9999949 9999991 419997859 389998009 149999866 279999748
81834165 9999991 1 9999991 9999989 389999650 169999844 799999121 149999837
