20
163 830372735507449871809731465
116 972759570129420701017343026504780735238724865028026190998930433648895154524191409145141283939575313912329760551461452376912991044578
224 2487323315219036305119522514586914514992258092515923847091331536327563425076754497614583159414480884501649219370710323252847898226085122496517560821297108819714616754255018516844563766341
190 1486139411639384409848749958784650368455059410476755670372360119439112197939878529158062954308851
40 9188174
203 687737220877470653784446097316072785470
185 489437731668051889380494808019998308605322017238185334
197 99549789825776366897151574826765450
12
12
206 448062369945695105287978047551780633933470173673381071374141684019805955017087536053718898917395302000087903383816560700874774939832281360760911551985292789432111705459321334755294477723140443502005380072257563972493947809649578402865552045222601282789930994492309469352141654770147698835946064815324585555522877368846404626788009261501975204754546844243717958911872956808794759039606795872610542253998760234801819677617489625864819272219684204522313232690092941926218256616690572691607530627540612798710546329112670031169508720597503651412508929468129545146310784328053092871340403641805483642889649081298732122033800925634814498445704989125336724435475323195250510991702765430307806236903626071365562848810666101442405095082913070741350043764590108123272413025874645910344552082757964848163999535616317954203928421315693835330208399766051964651633665123178313806434629994308647682571165130773523173316492602519138190346
220 857671336285619706286505259778502070
173 30112824594327595526379236283733863054755720634395622456658473382016537089827468578466186440548412571221610515303525092317381280436948960142601743842389999840805575879010781899131467875
120 874308165313353435924811434341778738339969013714566776179652
134 2406258858721918774208848120315517208323779940599828715494389738665554681038314446893101871003518703575496336511449627393919132748479928913340144555418397315103310973766058610954180421686012930554663239422912710632257959476189261669997676809989671567278292632886370402049069985046878555076392720791616383499884307075233764956906527854413716114792441649375534077153257152101247222135886802040538230547674927916381416649052144975585897241738727151911864406075
119 63155576629807163707985640922769106772917396795739548570858093440561312802733843811003
175 33261754228351577578476525209779523127988179898466814632178091966058732629419096182580147726136461252536159859524910309245482518510505400224632364198859663324442131165491882159875547854981497794081342777200378592265262155658847609559210120775240641876041334241839722160083429540405974129979019249434170766042056362227975365345975347996046245948796399196770147994465983195413064659360096554725677890698596977258412582128147198281435385157843685997656109714879412014816286117391379038777327721869676082363453428964553414522582206337809654803310865854542820645495167089958357370335148408859823985527100656590244938554098917907444254926202944319101970754422155318990081301125652572165950553705741636948079747710140051073020357141045775814824559298927842929023036895195372463299081602885132125136042633005801172450983103013385560426338
171 0087894675463649
157 36138325509814056284116360672
205 52266698626452
210 85878750696889017446575830667629960421673460475788331401992664560464795536162396046534097613201747910328526207118280591048874750330716122398307043580519193336856577563682207032364946147148694229628149394147905227355778765319414508752275911061103515923770789
